{
 "cells": [
  {
   "cell_type": "markdown",
   "metadata": {},
   "source": [
    "# Rock Shi"
   ]
  },
  {
   "cell_type": "code",
   "execution_count": 81,
   "metadata": {},
   "outputs": [],
   "source": [
    "try:\n",
    "    sc.stop()\n",
    "except:\n",
    "    pass"
   ]
  },
  {
   "cell_type": "code",
   "execution_count": 82,
   "metadata": {},
   "outputs": [],
   "source": [
    "from pyspark import SparkContext, SparkConf\n",
    "conf = SparkConf().setAppName('Assignment38').setMaster('local[4]')\n",
    "sc = SparkContext.getOrCreate(conf = conf)"
   ]
  },
  {
   "cell_type": "code",
   "execution_count": 83,
   "metadata": {},
   "outputs": [],
   "source": [
    "from pyspark.sql import SparkSession\n",
    "\n",
    "spark = SparkSession.builder.appName('Assignment38').getOrCreate()"
   ]
  },
  {
   "cell_type": "markdown",
   "metadata": {},
   "source": [
    "### Predicting House Sales"
   ]
  },
  {
   "cell_type": "code",
   "execution_count": 84,
   "metadata": {},
   "outputs": [],
   "source": [
    "house_df = spark.read.csv('file:///home/hadoop/Downloads/house_sales_data.csv', sep = ',', header = True, inferSchema = 'true')"
   ]
  },
  {
   "cell_type": "code",
   "execution_count": 85,
   "metadata": {},
   "outputs": [
    {
     "name": "stdout",
     "output_type": "stream",
     "text": [
      "+----------+---------------+------+--------+---------+-----------+--------+------+----------+----+---------+-----+----------+-------------+--------+------------+-------+-------+--------+-------------+----------+\n",
      "|        id|           date| price|bedrooms|bathrooms|sqft_living|sqft_lot|floors|waterfront|view|condition|grade|sqft_above|sqft_basement|yr_built|yr_renovated|zipcode|    lat|    long|sqft_living15|sqft_lot15|\n",
      "+----------+---------------+------+--------+---------+-----------+--------+------+----------+----+---------+-----+----------+-------------+--------+------------+-------+-------+--------+-------------+----------+\n",
      "|7129300520|20141013T000000|221900|       3|      1.0|       1180|    5650|   1.0|         0|   0|        3|    7|      1180|            0|    1955|           0|  98178|47.5112|-122.257|         1340|      5650|\n",
      "|6414100192|20141209T000000|538000|       3|     2.25|       2570|    7242|   2.0|         0|   0|        3|    7|      2170|          400|    1951|        1991|  98125| 47.721|-122.319|         1690|      7639|\n",
      "|5631500400|20150225T000000|180000|       2|      1.0|        770|   10000|   1.0|         0|   0|        3|    6|       770|            0|    1933|           0|  98028|47.7379|-122.233|         2720|      8062|\n",
      "|2487200875|20141209T000000|604000|       4|      3.0|       1960|    5000|   1.0|         0|   0|        5|    7|      1050|          910|    1965|           0|  98136|47.5208|-122.393|         1360|      5000|\n",
      "|1954400510|20150218T000000|510000|       3|      2.0|       1680|    8080|   1.0|         0|   0|        3|    8|      1680|            0|    1987|           0|  98074|47.6168|-122.045|         1800|      7503|\n",
      "+----------+---------------+------+--------+---------+-----------+--------+------+----------+----+---------+-----+----------+-------------+--------+------------+-------+-------+--------+-------------+----------+\n",
      "only showing top 5 rows\n",
      "\n"
     ]
    }
   ],
   "source": [
    "house_df.show(5)"
   ]
  },
  {
   "cell_type": "code",
   "execution_count": 86,
   "metadata": {},
   "outputs": [
    {
     "data": {
      "text/plain": [
       "DataFrame[id: bigint, date: string, price: decimal(7,0), bedrooms: int, bathrooms: double, sqft_living: int, sqft_lot: int, floors: double, waterfront: int, view: int, condition: int, grade: int, sqft_above: int, sqft_basement: int, yr_built: int, yr_renovated: int, zipcode: int, lat: double, long: double, sqft_living15: int, sqft_lot15: int]"
      ]
     },
     "execution_count": 86,
     "metadata": {},
     "output_type": "execute_result"
    }
   ],
   "source": [
    "house_df.cache()"
   ]
  },
  {
   "cell_type": "code",
   "execution_count": 87,
   "metadata": {},
   "outputs": [],
   "source": [
    "from pyspark.mllib.stat import Statistics\n",
    "import pandas as pd\n",
    "import seaborn as sns\n",
    "import matplotlib.pyplot as plt"
   ]
  },
  {
   "cell_type": "code",
   "execution_count": 88,
   "metadata": {},
   "outputs": [
    {
     "name": "stdout",
     "output_type": "stream",
     "text": [
      "['price', 'bedrooms', 'bathrooms', 'sqft_living', 'sqft_lot', 'floors', 'waterfront', 'view', 'condition', 'grade', 'sqft_above', 'sqft_basement', 'yr_built', 'yr_renovated', 'zipcode', 'lat', 'long', 'sqft_living15', 'sqft_lot15']\n"
     ]
    }
   ],
   "source": [
    "house_df = house_df.drop('id','date')\n",
    "print(house_df.columns)"
   ]
  },
  {
   "cell_type": "code",
   "execution_count": 89,
   "metadata": {},
   "outputs": [
    {
     "data": {
      "text/html": [
       "<div>\n",
       "<style scoped>\n",
       "    .dataframe tbody tr th:only-of-type {\n",
       "        vertical-align: middle;\n",
       "    }\n",
       "\n",
       "    .dataframe tbody tr th {\n",
       "        vertical-align: top;\n",
       "    }\n",
       "\n",
       "    .dataframe thead th {\n",
       "        text-align: right;\n",
       "    }\n",
       "</style>\n",
       "<table border=\"1\" class=\"dataframe\">\n",
       "  <thead>\n",
       "    <tr style=\"text-align: right;\">\n",
       "      <th></th>\n",
       "      <th>price</th>\n",
       "      <th>bedrooms</th>\n",
       "      <th>bathrooms</th>\n",
       "      <th>sqft_living</th>\n",
       "      <th>sqft_lot</th>\n",
       "      <th>floors</th>\n",
       "      <th>waterfront</th>\n",
       "      <th>view</th>\n",
       "      <th>condition</th>\n",
       "      <th>grade</th>\n",
       "      <th>sqft_above</th>\n",
       "      <th>sqft_basement</th>\n",
       "      <th>yr_built</th>\n",
       "      <th>yr_renovated</th>\n",
       "      <th>zipcode</th>\n",
       "      <th>lat</th>\n",
       "      <th>long</th>\n",
       "      <th>sqft_living15</th>\n",
       "      <th>sqft_lot15</th>\n",
       "    </tr>\n",
       "  </thead>\n",
       "  <tbody>\n",
       "    <tr>\n",
       "      <th>price</th>\n",
       "      <td>1.000000</td>\n",
       "      <td>0.308350</td>\n",
       "      <td>0.525138</td>\n",
       "      <td>0.702035</td>\n",
       "      <td>0.089661</td>\n",
       "      <td>0.256794</td>\n",
       "      <td>0.266369</td>\n",
       "      <td>0.397293</td>\n",
       "      <td>0.036362</td>\n",
       "      <td>0.667434</td>\n",
       "      <td>0.605567</td>\n",
       "      <td>0.323816</td>\n",
       "      <td>0.054012</td>\n",
       "      <td>0.126434</td>\n",
       "      <td>-0.053203</td>\n",
       "      <td>0.307003</td>\n",
       "      <td>0.021626</td>\n",
       "      <td>0.585379</td>\n",
       "      <td>0.082447</td>\n",
       "    </tr>\n",
       "    <tr>\n",
       "      <th>bedrooms</th>\n",
       "      <td>0.308350</td>\n",
       "      <td>1.000000</td>\n",
       "      <td>0.515884</td>\n",
       "      <td>0.576671</td>\n",
       "      <td>0.031703</td>\n",
       "      <td>0.175429</td>\n",
       "      <td>-0.006582</td>\n",
       "      <td>0.079532</td>\n",
       "      <td>0.028472</td>\n",
       "      <td>0.356967</td>\n",
       "      <td>0.477600</td>\n",
       "      <td>0.303093</td>\n",
       "      <td>0.154178</td>\n",
       "      <td>0.018841</td>\n",
       "      <td>-0.152668</td>\n",
       "      <td>-0.008931</td>\n",
       "      <td>0.129473</td>\n",
       "      <td>0.391638</td>\n",
       "      <td>0.029244</td>\n",
       "    </tr>\n",
       "    <tr>\n",
       "      <th>bathrooms</th>\n",
       "      <td>0.525138</td>\n",
       "      <td>0.515884</td>\n",
       "      <td>1.000000</td>\n",
       "      <td>0.754665</td>\n",
       "      <td>0.087740</td>\n",
       "      <td>0.500653</td>\n",
       "      <td>0.063744</td>\n",
       "      <td>0.187737</td>\n",
       "      <td>-0.124982</td>\n",
       "      <td>0.664983</td>\n",
       "      <td>0.685342</td>\n",
       "      <td>0.283770</td>\n",
       "      <td>0.506019</td>\n",
       "      <td>0.050739</td>\n",
       "      <td>-0.203866</td>\n",
       "      <td>0.024573</td>\n",
       "      <td>0.223042</td>\n",
       "      <td>0.568634</td>\n",
       "      <td>0.087175</td>\n",
       "    </tr>\n",
       "    <tr>\n",
       "      <th>sqft_living</th>\n",
       "      <td>0.702035</td>\n",
       "      <td>0.576671</td>\n",
       "      <td>0.754665</td>\n",
       "      <td>1.000000</td>\n",
       "      <td>0.172826</td>\n",
       "      <td>0.353949</td>\n",
       "      <td>0.103818</td>\n",
       "      <td>0.284611</td>\n",
       "      <td>-0.058753</td>\n",
       "      <td>0.762704</td>\n",
       "      <td>0.876597</td>\n",
       "      <td>0.435043</td>\n",
       "      <td>0.318049</td>\n",
       "      <td>0.055363</td>\n",
       "      <td>-0.199430</td>\n",
       "      <td>0.052529</td>\n",
       "      <td>0.240223</td>\n",
       "      <td>0.756420</td>\n",
       "      <td>0.183286</td>\n",
       "    </tr>\n",
       "    <tr>\n",
       "      <th>sqft_lot</th>\n",
       "      <td>0.089661</td>\n",
       "      <td>0.031703</td>\n",
       "      <td>0.087740</td>\n",
       "      <td>0.172826</td>\n",
       "      <td>1.000000</td>\n",
       "      <td>-0.005201</td>\n",
       "      <td>0.021604</td>\n",
       "      <td>0.074710</td>\n",
       "      <td>-0.008958</td>\n",
       "      <td>0.113621</td>\n",
       "      <td>0.183512</td>\n",
       "      <td>0.015286</td>\n",
       "      <td>0.053080</td>\n",
       "      <td>0.007644</td>\n",
       "      <td>-0.129574</td>\n",
       "      <td>-0.085683</td>\n",
       "      <td>0.229521</td>\n",
       "      <td>0.144608</td>\n",
       "      <td>0.718557</td>\n",
       "    </tr>\n",
       "    <tr>\n",
       "      <th>floors</th>\n",
       "      <td>0.256794</td>\n",
       "      <td>0.175429</td>\n",
       "      <td>0.500653</td>\n",
       "      <td>0.353949</td>\n",
       "      <td>-0.005201</td>\n",
       "      <td>1.000000</td>\n",
       "      <td>0.023698</td>\n",
       "      <td>0.029444</td>\n",
       "      <td>-0.263768</td>\n",
       "      <td>0.458183</td>\n",
       "      <td>0.523885</td>\n",
       "      <td>-0.245705</td>\n",
       "      <td>0.489319</td>\n",
       "      <td>0.006338</td>\n",
       "      <td>-0.059121</td>\n",
       "      <td>0.049614</td>\n",
       "      <td>0.125419</td>\n",
       "      <td>0.279885</td>\n",
       "      <td>-0.011269</td>\n",
       "    </tr>\n",
       "    <tr>\n",
       "      <th>waterfront</th>\n",
       "      <td>0.266369</td>\n",
       "      <td>-0.006582</td>\n",
       "      <td>0.063744</td>\n",
       "      <td>0.103818</td>\n",
       "      <td>0.021604</td>\n",
       "      <td>0.023698</td>\n",
       "      <td>1.000000</td>\n",
       "      <td>0.401857</td>\n",
       "      <td>0.016653</td>\n",
       "      <td>0.082775</td>\n",
       "      <td>0.072075</td>\n",
       "      <td>0.080588</td>\n",
       "      <td>-0.026161</td>\n",
       "      <td>0.092885</td>\n",
       "      <td>0.030285</td>\n",
       "      <td>-0.014274</td>\n",
       "      <td>-0.041910</td>\n",
       "      <td>0.086463</td>\n",
       "      <td>0.030703</td>\n",
       "    </tr>\n",
       "    <tr>\n",
       "      <th>view</th>\n",
       "      <td>0.397293</td>\n",
       "      <td>0.079532</td>\n",
       "      <td>0.187737</td>\n",
       "      <td>0.284611</td>\n",
       "      <td>0.074710</td>\n",
       "      <td>0.029444</td>\n",
       "      <td>0.401857</td>\n",
       "      <td>1.000000</td>\n",
       "      <td>0.045990</td>\n",
       "      <td>0.251321</td>\n",
       "      <td>0.167649</td>\n",
       "      <td>0.276947</td>\n",
       "      <td>-0.053440</td>\n",
       "      <td>0.103917</td>\n",
       "      <td>0.084827</td>\n",
       "      <td>0.006157</td>\n",
       "      <td>-0.078400</td>\n",
       "      <td>0.280439</td>\n",
       "      <td>0.072575</td>\n",
       "    </tr>\n",
       "    <tr>\n",
       "      <th>condition</th>\n",
       "      <td>0.036362</td>\n",
       "      <td>0.028472</td>\n",
       "      <td>-0.124982</td>\n",
       "      <td>-0.058753</td>\n",
       "      <td>-0.008958</td>\n",
       "      <td>-0.263768</td>\n",
       "      <td>0.016653</td>\n",
       "      <td>0.045990</td>\n",
       "      <td>1.000000</td>\n",
       "      <td>-0.144674</td>\n",
       "      <td>-0.158214</td>\n",
       "      <td>0.174105</td>\n",
       "      <td>-0.361417</td>\n",
       "      <td>-0.060618</td>\n",
       "      <td>0.003026</td>\n",
       "      <td>-0.014941</td>\n",
       "      <td>-0.106500</td>\n",
       "      <td>-0.092824</td>\n",
       "      <td>-0.003406</td>\n",
       "    </tr>\n",
       "    <tr>\n",
       "      <th>grade</th>\n",
       "      <td>0.667434</td>\n",
       "      <td>0.356967</td>\n",
       "      <td>0.664983</td>\n",
       "      <td>0.762704</td>\n",
       "      <td>0.113621</td>\n",
       "      <td>0.458183</td>\n",
       "      <td>0.082775</td>\n",
       "      <td>0.251321</td>\n",
       "      <td>-0.144674</td>\n",
       "      <td>1.000000</td>\n",
       "      <td>0.755923</td>\n",
       "      <td>0.168392</td>\n",
       "      <td>0.446963</td>\n",
       "      <td>0.014414</td>\n",
       "      <td>-0.184862</td>\n",
       "      <td>0.114084</td>\n",
       "      <td>0.198372</td>\n",
       "      <td>0.713202</td>\n",
       "      <td>0.119248</td>\n",
       "    </tr>\n",
       "    <tr>\n",
       "      <th>sqft_above</th>\n",
       "      <td>0.605567</td>\n",
       "      <td>0.477600</td>\n",
       "      <td>0.685342</td>\n",
       "      <td>0.876597</td>\n",
       "      <td>0.183512</td>\n",
       "      <td>0.523885</td>\n",
       "      <td>0.072075</td>\n",
       "      <td>0.167649</td>\n",
       "      <td>-0.158214</td>\n",
       "      <td>0.755923</td>\n",
       "      <td>1.000000</td>\n",
       "      <td>-0.051943</td>\n",
       "      <td>0.423898</td>\n",
       "      <td>0.023285</td>\n",
       "      <td>-0.261190</td>\n",
       "      <td>-0.000816</td>\n",
       "      <td>0.343803</td>\n",
       "      <td>0.731870</td>\n",
       "      <td>0.194050</td>\n",
       "    </tr>\n",
       "    <tr>\n",
       "      <th>sqft_basement</th>\n",
       "      <td>0.323816</td>\n",
       "      <td>0.303093</td>\n",
       "      <td>0.283770</td>\n",
       "      <td>0.435043</td>\n",
       "      <td>0.015286</td>\n",
       "      <td>-0.245705</td>\n",
       "      <td>0.080588</td>\n",
       "      <td>0.276947</td>\n",
       "      <td>0.174105</td>\n",
       "      <td>0.168392</td>\n",
       "      <td>-0.051943</td>\n",
       "      <td>1.000000</td>\n",
       "      <td>-0.133124</td>\n",
       "      <td>0.071323</td>\n",
       "      <td>0.074845</td>\n",
       "      <td>0.110538</td>\n",
       "      <td>-0.144765</td>\n",
       "      <td>0.200355</td>\n",
       "      <td>0.017276</td>\n",
       "    </tr>\n",
       "    <tr>\n",
       "      <th>yr_built</th>\n",
       "      <td>0.054012</td>\n",
       "      <td>0.154178</td>\n",
       "      <td>0.506019</td>\n",
       "      <td>0.318049</td>\n",
       "      <td>0.053080</td>\n",
       "      <td>0.489319</td>\n",
       "      <td>-0.026161</td>\n",
       "      <td>-0.053440</td>\n",
       "      <td>-0.361417</td>\n",
       "      <td>0.446963</td>\n",
       "      <td>0.423898</td>\n",
       "      <td>-0.133124</td>\n",
       "      <td>1.000000</td>\n",
       "      <td>-0.224874</td>\n",
       "      <td>-0.346869</td>\n",
       "      <td>-0.148122</td>\n",
       "      <td>0.409356</td>\n",
       "      <td>0.326229</td>\n",
       "      <td>0.070958</td>\n",
       "    </tr>\n",
       "    <tr>\n",
       "      <th>yr_renovated</th>\n",
       "      <td>0.126434</td>\n",
       "      <td>0.018841</td>\n",
       "      <td>0.050739</td>\n",
       "      <td>0.055363</td>\n",
       "      <td>0.007644</td>\n",
       "      <td>0.006338</td>\n",
       "      <td>0.092885</td>\n",
       "      <td>0.103917</td>\n",
       "      <td>-0.060618</td>\n",
       "      <td>0.014414</td>\n",
       "      <td>0.023285</td>\n",
       "      <td>0.071323</td>\n",
       "      <td>-0.224874</td>\n",
       "      <td>1.000000</td>\n",
       "      <td>0.064357</td>\n",
       "      <td>0.029398</td>\n",
       "      <td>-0.068372</td>\n",
       "      <td>-0.002673</td>\n",
       "      <td>0.007854</td>\n",
       "    </tr>\n",
       "    <tr>\n",
       "      <th>zipcode</th>\n",
       "      <td>-0.053203</td>\n",
       "      <td>-0.152668</td>\n",
       "      <td>-0.203866</td>\n",
       "      <td>-0.199430</td>\n",
       "      <td>-0.129574</td>\n",
       "      <td>-0.059121</td>\n",
       "      <td>0.030285</td>\n",
       "      <td>0.084827</td>\n",
       "      <td>0.003026</td>\n",
       "      <td>-0.184862</td>\n",
       "      <td>-0.261190</td>\n",
       "      <td>0.074845</td>\n",
       "      <td>-0.346869</td>\n",
       "      <td>0.064357</td>\n",
       "      <td>1.000000</td>\n",
       "      <td>0.267048</td>\n",
       "      <td>-0.564072</td>\n",
       "      <td>-0.279033</td>\n",
       "      <td>-0.147221</td>\n",
       "    </tr>\n",
       "    <tr>\n",
       "      <th>lat</th>\n",
       "      <td>0.307003</td>\n",
       "      <td>-0.008931</td>\n",
       "      <td>0.024573</td>\n",
       "      <td>0.052529</td>\n",
       "      <td>-0.085683</td>\n",
       "      <td>0.049614</td>\n",
       "      <td>-0.014274</td>\n",
       "      <td>0.006157</td>\n",
       "      <td>-0.014941</td>\n",
       "      <td>0.114084</td>\n",
       "      <td>-0.000816</td>\n",
       "      <td>0.110538</td>\n",
       "      <td>-0.148122</td>\n",
       "      <td>0.029398</td>\n",
       "      <td>0.267048</td>\n",
       "      <td>1.000000</td>\n",
       "      <td>-0.135512</td>\n",
       "      <td>0.048858</td>\n",
       "      <td>-0.086419</td>\n",
       "    </tr>\n",
       "    <tr>\n",
       "      <th>long</th>\n",
       "      <td>0.021626</td>\n",
       "      <td>0.129473</td>\n",
       "      <td>0.223042</td>\n",
       "      <td>0.240223</td>\n",
       "      <td>0.229521</td>\n",
       "      <td>0.125419</td>\n",
       "      <td>-0.041910</td>\n",
       "      <td>-0.078400</td>\n",
       "      <td>-0.106500</td>\n",
       "      <td>0.198372</td>\n",
       "      <td>0.343803</td>\n",
       "      <td>-0.144765</td>\n",
       "      <td>0.409356</td>\n",
       "      <td>-0.068372</td>\n",
       "      <td>-0.564072</td>\n",
       "      <td>-0.135512</td>\n",
       "      <td>1.000000</td>\n",
       "      <td>0.334605</td>\n",
       "      <td>0.254451</td>\n",
       "    </tr>\n",
       "    <tr>\n",
       "      <th>sqft_living15</th>\n",
       "      <td>0.585379</td>\n",
       "      <td>0.391638</td>\n",
       "      <td>0.568634</td>\n",
       "      <td>0.756420</td>\n",
       "      <td>0.144608</td>\n",
       "      <td>0.279885</td>\n",
       "      <td>0.086463</td>\n",
       "      <td>0.280439</td>\n",
       "      <td>-0.092824</td>\n",
       "      <td>0.713202</td>\n",
       "      <td>0.731870</td>\n",
       "      <td>0.200355</td>\n",
       "      <td>0.326229</td>\n",
       "      <td>-0.002673</td>\n",
       "      <td>-0.279033</td>\n",
       "      <td>0.048858</td>\n",
       "      <td>0.334605</td>\n",
       "      <td>1.000000</td>\n",
       "      <td>0.183192</td>\n",
       "    </tr>\n",
       "    <tr>\n",
       "      <th>sqft_lot15</th>\n",
       "      <td>0.082447</td>\n",
       "      <td>0.029244</td>\n",
       "      <td>0.087175</td>\n",
       "      <td>0.183286</td>\n",
       "      <td>0.718557</td>\n",
       "      <td>-0.011269</td>\n",
       "      <td>0.030703</td>\n",
       "      <td>0.072575</td>\n",
       "      <td>-0.003406</td>\n",
       "      <td>0.119248</td>\n",
       "      <td>0.194050</td>\n",
       "      <td>0.017276</td>\n",
       "      <td>0.070958</td>\n",
       "      <td>0.007854</td>\n",
       "      <td>-0.147221</td>\n",
       "      <td>-0.086419</td>\n",
       "      <td>0.254451</td>\n",
       "      <td>0.183192</td>\n",
       "      <td>1.000000</td>\n",
       "    </tr>\n",
       "  </tbody>\n",
       "</table>\n",
       "</div>"
      ],
      "text/plain": [
       "                  price  bedrooms  bathrooms  sqft_living  sqft_lot    floors  \\\n",
       "price          1.000000  0.308350   0.525138     0.702035  0.089661  0.256794   \n",
       "bedrooms       0.308350  1.000000   0.515884     0.576671  0.031703  0.175429   \n",
       "bathrooms      0.525138  0.515884   1.000000     0.754665  0.087740  0.500653   \n",
       "sqft_living    0.702035  0.576671   0.754665     1.000000  0.172826  0.353949   \n",
       "sqft_lot       0.089661  0.031703   0.087740     0.172826  1.000000 -0.005201   \n",
       "floors         0.256794  0.175429   0.500653     0.353949 -0.005201  1.000000   \n",
       "waterfront     0.266369 -0.006582   0.063744     0.103818  0.021604  0.023698   \n",
       "view           0.397293  0.079532   0.187737     0.284611  0.074710  0.029444   \n",
       "condition      0.036362  0.028472  -0.124982    -0.058753 -0.008958 -0.263768   \n",
       "grade          0.667434  0.356967   0.664983     0.762704  0.113621  0.458183   \n",
       "sqft_above     0.605567  0.477600   0.685342     0.876597  0.183512  0.523885   \n",
       "sqft_basement  0.323816  0.303093   0.283770     0.435043  0.015286 -0.245705   \n",
       "yr_built       0.054012  0.154178   0.506019     0.318049  0.053080  0.489319   \n",
       "yr_renovated   0.126434  0.018841   0.050739     0.055363  0.007644  0.006338   \n",
       "zipcode       -0.053203 -0.152668  -0.203866    -0.199430 -0.129574 -0.059121   \n",
       "lat            0.307003 -0.008931   0.024573     0.052529 -0.085683  0.049614   \n",
       "long           0.021626  0.129473   0.223042     0.240223  0.229521  0.125419   \n",
       "sqft_living15  0.585379  0.391638   0.568634     0.756420  0.144608  0.279885   \n",
       "sqft_lot15     0.082447  0.029244   0.087175     0.183286  0.718557 -0.011269   \n",
       "\n",
       "               waterfront      view  condition     grade  sqft_above  \\\n",
       "price            0.266369  0.397293   0.036362  0.667434    0.605567   \n",
       "bedrooms        -0.006582  0.079532   0.028472  0.356967    0.477600   \n",
       "bathrooms        0.063744  0.187737  -0.124982  0.664983    0.685342   \n",
       "sqft_living      0.103818  0.284611  -0.058753  0.762704    0.876597   \n",
       "sqft_lot         0.021604  0.074710  -0.008958  0.113621    0.183512   \n",
       "floors           0.023698  0.029444  -0.263768  0.458183    0.523885   \n",
       "waterfront       1.000000  0.401857   0.016653  0.082775    0.072075   \n",
       "view             0.401857  1.000000   0.045990  0.251321    0.167649   \n",
       "condition        0.016653  0.045990   1.000000 -0.144674   -0.158214   \n",
       "grade            0.082775  0.251321  -0.144674  1.000000    0.755923   \n",
       "sqft_above       0.072075  0.167649  -0.158214  0.755923    1.000000   \n",
       "sqft_basement    0.080588  0.276947   0.174105  0.168392   -0.051943   \n",
       "yr_built        -0.026161 -0.053440  -0.361417  0.446963    0.423898   \n",
       "yr_renovated     0.092885  0.103917  -0.060618  0.014414    0.023285   \n",
       "zipcode          0.030285  0.084827   0.003026 -0.184862   -0.261190   \n",
       "lat             -0.014274  0.006157  -0.014941  0.114084   -0.000816   \n",
       "long            -0.041910 -0.078400  -0.106500  0.198372    0.343803   \n",
       "sqft_living15    0.086463  0.280439  -0.092824  0.713202    0.731870   \n",
       "sqft_lot15       0.030703  0.072575  -0.003406  0.119248    0.194050   \n",
       "\n",
       "               sqft_basement  yr_built  yr_renovated   zipcode       lat  \\\n",
       "price               0.323816  0.054012      0.126434 -0.053203  0.307003   \n",
       "bedrooms            0.303093  0.154178      0.018841 -0.152668 -0.008931   \n",
       "bathrooms           0.283770  0.506019      0.050739 -0.203866  0.024573   \n",
       "sqft_living         0.435043  0.318049      0.055363 -0.199430  0.052529   \n",
       "sqft_lot            0.015286  0.053080      0.007644 -0.129574 -0.085683   \n",
       "floors             -0.245705  0.489319      0.006338 -0.059121  0.049614   \n",
       "waterfront          0.080588 -0.026161      0.092885  0.030285 -0.014274   \n",
       "view                0.276947 -0.053440      0.103917  0.084827  0.006157   \n",
       "condition           0.174105 -0.361417     -0.060618  0.003026 -0.014941   \n",
       "grade               0.168392  0.446963      0.014414 -0.184862  0.114084   \n",
       "sqft_above         -0.051943  0.423898      0.023285 -0.261190 -0.000816   \n",
       "sqft_basement       1.000000 -0.133124      0.071323  0.074845  0.110538   \n",
       "yr_built           -0.133124  1.000000     -0.224874 -0.346869 -0.148122   \n",
       "yr_renovated        0.071323 -0.224874      1.000000  0.064357  0.029398   \n",
       "zipcode             0.074845 -0.346869      0.064357  1.000000  0.267048   \n",
       "lat                 0.110538 -0.148122      0.029398  0.267048  1.000000   \n",
       "long               -0.144765  0.409356     -0.068372 -0.564072 -0.135512   \n",
       "sqft_living15       0.200355  0.326229     -0.002673 -0.279033  0.048858   \n",
       "sqft_lot15          0.017276  0.070958      0.007854 -0.147221 -0.086419   \n",
       "\n",
       "                   long  sqft_living15  sqft_lot15  \n",
       "price          0.021626       0.585379    0.082447  \n",
       "bedrooms       0.129473       0.391638    0.029244  \n",
       "bathrooms      0.223042       0.568634    0.087175  \n",
       "sqft_living    0.240223       0.756420    0.183286  \n",
       "sqft_lot       0.229521       0.144608    0.718557  \n",
       "floors         0.125419       0.279885   -0.011269  \n",
       "waterfront    -0.041910       0.086463    0.030703  \n",
       "view          -0.078400       0.280439    0.072575  \n",
       "condition     -0.106500      -0.092824   -0.003406  \n",
       "grade          0.198372       0.713202    0.119248  \n",
       "sqft_above     0.343803       0.731870    0.194050  \n",
       "sqft_basement -0.144765       0.200355    0.017276  \n",
       "yr_built       0.409356       0.326229    0.070958  \n",
       "yr_renovated  -0.068372      -0.002673    0.007854  \n",
       "zipcode       -0.564072      -0.279033   -0.147221  \n",
       "lat           -0.135512       0.048858   -0.086419  \n",
       "long           1.000000       0.334605    0.254451  \n",
       "sqft_living15  0.334605       1.000000    0.183192  \n",
       "sqft_lot15     0.254451       0.183192    1.000000  "
      ]
     },
     "execution_count": 89,
     "metadata": {},
     "output_type": "execute_result"
    }
   ],
   "source": [
    "def compute_corr_matrix(df, method = 'pearson'):\n",
    "    df_rdd = df.rdd.map(lambda row: row[0:])\n",
    "    corr_mat = Statistics.corr(df_rdd, method = method)\n",
    "    \n",
    "    corr_mat_df = pd.DataFrame(corr_mat, columns = df.columns, index = df.columns)\n",
    "    \n",
    "    return corr_mat_df\n",
    "\n",
    "compute_corr_matrix(house_df)"
   ]
  },
  {
   "cell_type": "code",
   "execution_count": 90,
   "metadata": {},
   "outputs": [
    {
     "name": "stdout",
     "output_type": "stream",
     "text": [
      "+------+--------+---------+-----------+--------+------+----------+----+---------+-----+----------+-------------+--------+------------+-------+-------+--------+-------------+----------+--------------------+\n",
      "| price|bedrooms|bathrooms|sqft_living|sqft_lot|floors|waterfront|view|condition|grade|sqft_above|sqft_basement|yr_built|yr_renovated|zipcode|    lat|    long|sqft_living15|sqft_lot15|            features|\n",
      "+------+--------+---------+-----------+--------+------+----------+----+---------+-----+----------+-------------+--------+------------+-------+-------+--------+-------------+----------+--------------------+\n",
      "|221900|       3|      1.0|       1180|    5650|   1.0|         0|   0|        3|    7|      1180|            0|    1955|           0|  98178|47.5112|-122.257|         1340|      5650|[3.0,1.0,1180.0,5...|\n",
      "|538000|       3|     2.25|       2570|    7242|   2.0|         0|   0|        3|    7|      2170|          400|    1951|        1991|  98125| 47.721|-122.319|         1690|      7639|[3.0,2.25,2570.0,...|\n",
      "|180000|       2|      1.0|        770|   10000|   1.0|         0|   0|        3|    6|       770|            0|    1933|           0|  98028|47.7379|-122.233|         2720|      8062|[2.0,1.0,770.0,10...|\n",
      "|604000|       4|      3.0|       1960|    5000|   1.0|         0|   0|        5|    7|      1050|          910|    1965|           0|  98136|47.5208|-122.393|         1360|      5000|[4.0,3.0,1960.0,5...|\n",
      "|510000|       3|      2.0|       1680|    8080|   1.0|         0|   0|        3|    8|      1680|            0|    1987|           0|  98074|47.6168|-122.045|         1800|      7503|[3.0,2.0,1680.0,8...|\n",
      "+------+--------+---------+-----------+--------+------+----------+----+---------+-----+----------+-------------+--------+------------+-------+-------+--------+-------------+----------+--------------------+\n",
      "only showing top 5 rows\n",
      "\n"
     ]
    }
   ],
   "source": [
    "from pyspark.ml.feature import VectorAssembler\n",
    "vectorAssembler = VectorAssembler(inputCols = ['bedrooms', 'bathrooms', 'sqft_living', 'sqft_lot', 'floors', 'waterfront', 'view', 'condition', 'grade', 'sqft_above', 'sqft_basement', 'yr_built', 'yr_renovated', 'zipcode', 'lat', 'long', 'sqft_living15', 'sqft_lot15'],\n",
    "               outputCol = 'features')\n",
    "vector_df = vectorAssembler.transform(house_df)\n",
    "vector_df.show(5)"
   ]
  },
  {
   "cell_type": "code",
   "execution_count": 91,
   "metadata": {},
   "outputs": [
    {
     "name": "stdout",
     "output_type": "stream",
     "text": [
      "+--------------------+------+\n",
      "|            features| price|\n",
      "+--------------------+------+\n",
      "|[3.0,1.0,1180.0,5...|221900|\n",
      "|[3.0,2.25,2570.0,...|538000|\n",
      "|[2.0,1.0,770.0,10...|180000|\n",
      "|[4.0,3.0,1960.0,5...|604000|\n",
      "|[3.0,2.0,1680.0,8...|510000|\n",
      "+--------------------+------+\n",
      "only showing top 5 rows\n",
      "\n"
     ]
    }
   ],
   "source": [
    "vector_df_final = vector_df.select(['features','price'])\n",
    "vector_df_final.show(5)"
   ]
  },
  {
   "cell_type": "code",
   "execution_count": 92,
   "metadata": {},
   "outputs": [],
   "source": [
    "splits = vector_df_final.randomSplit([0.8, 0.2])\n",
    "train_sample = splits[0]\n",
    "test_sample = splits[1]"
   ]
  },
  {
   "cell_type": "code",
   "execution_count": 93,
   "metadata": {},
   "outputs": [],
   "source": [
    "from pyspark.ml.regression import LinearRegression\n",
    "\n",
    "lr_reg = LinearRegression(featuresCol = 'features', labelCol = 'price', maxIter = 100, \n",
    "                         regParam = 0.3, elasticNetParam = 0.7)\n",
    "\n",
    "lr_model = lr_reg.fit(train_sample)"
   ]
  },
  {
   "cell_type": "code",
   "execution_count": 94,
   "metadata": {},
   "outputs": [
    {
     "name": "stdout",
     "output_type": "stream",
     "text": [
      "RMSE: 203960.285190 \n",
      "r2 0.703265 \n"
     ]
    }
   ],
   "source": [
    "trainingSummary = lr_model.summary\n",
    "print(\"RMSE: %f \" %trainingSummary.rootMeanSquaredError)\n",
    "print(\"r2 %f \" %trainingSummary.r2)"
   ]
  },
  {
   "cell_type": "code",
   "execution_count": 95,
   "metadata": {},
   "outputs": [
    {
     "data": {
      "text/plain": [
       "41599797934.839485"
      ]
     },
     "execution_count": 95,
     "metadata": {},
     "output_type": "execute_result"
    }
   ],
   "source": [
    "lr_model.summary.meanSquaredError"
   ]
  },
  {
   "cell_type": "code",
   "execution_count": 96,
   "metadata": {},
   "outputs": [
    {
     "data": {
      "text/plain": [
       "127615.77092901336"
      ]
     },
     "execution_count": 96,
     "metadata": {},
     "output_type": "execute_result"
    }
   ],
   "source": [
    "lr_model.summary.meanAbsoluteError"
   ]
  },
  {
   "cell_type": "code",
   "execution_count": 97,
   "metadata": {},
   "outputs": [
    {
     "name": "stdout",
     "output_type": "stream",
     "text": [
      "+-------------------+------+--------------------+\n",
      "|         prediction| price|            features|\n",
      "+-------------------+------+--------------------+\n",
      "| -309773.6467118114|280000|[1.0,0.0,600.0,24...|\n",
      "| -426717.9515646994| 75000|[1.0,0.0,670.0,43...|\n",
      "|  229092.0051649781|276000|[1.0,0.75,370.0,1...|\n",
      "|-244630.58031739946|262000|[1.0,0.75,520.0,1...|\n",
      "| -72383.53455910087|299000|[1.0,0.75,560.0,1...|\n",
      "| 166531.37673244718|200000|[1.0,0.75,680.0,9...|\n",
      "| 125040.86217730306|224000|[1.0,0.75,840.0,7...|\n",
      "| 446430.79495441075|170000|[1.0,0.75,850.0,5...|\n",
      "| 373700.73594505806|351000|[1.0,0.75,930.0,6...|\n",
      "| 151752.25309184194|190000|[1.0,0.75,930.0,2...|\n",
      "+-------------------+------+--------------------+\n",
      "only showing top 10 rows\n",
      "\n"
     ]
    }
   ],
   "source": [
    "lr_predictions = lr_model.transform(test_sample)\n",
    "lr_predictions.select('prediction', 'price', 'features').show(10)"
   ]
  },
  {
   "cell_type": "code",
   "execution_count": 98,
   "metadata": {},
   "outputs": [
    {
     "name": "stdout",
     "output_type": "stream",
     "text": [
      "R Squared (R2) on test data = 0.6796\n"
     ]
    }
   ],
   "source": [
    "from pyspark.ml.evaluation import RegressionEvaluator\n",
    "lr_evaluator = RegressionEvaluator(predictionCol = \"prediction\", \\\n",
    "                                  labelCol = 'price', metricName = \"r2\")\n",
    "print(\"R Squared (R2) on test data = %g\" % lr_evaluator.evaluate(lr_predictions))"
   ]
  },
  {
   "cell_type": "code",
   "execution_count": 99,
   "metadata": {},
   "outputs": [
    {
     "name": "stdout",
     "output_type": "stream",
     "text": [
      "Root Mean Squared Error(RMSE) on test data = 190086\n"
     ]
    }
   ],
   "source": [
    "test_result = lr_model.evaluate(test_sample)\n",
    "print(\"Root Mean Squared Error(RMSE) on test data = %g\" % test_result.rootMeanSquaredError)"
   ]
  },
  {
   "cell_type": "markdown",
   "metadata": {},
   "source": [
    "### Predicting Medical Insurance Cost"
   ]
  },
  {
   "cell_type": "code",
   "execution_count": 100,
   "metadata": {},
   "outputs": [],
   "source": [
    "insurance_df = spark.read.csv('file:///home/hadoop/Downloads/insurance.csv', sep = ',', header = True, inferSchema = 'true')"
   ]
  },
  {
   "cell_type": "code",
   "execution_count": 101,
   "metadata": {},
   "outputs": [
    {
     "data": {
      "text/plain": [
       "DataFrame[age: int, sex: string, bmi: double, children: int, smoker: string, region: string, charges: double]"
      ]
     },
     "execution_count": 101,
     "metadata": {},
     "output_type": "execute_result"
    }
   ],
   "source": [
    "insurance_df.cache()"
   ]
  },
  {
   "cell_type": "code",
   "execution_count": 102,
   "metadata": {},
   "outputs": [],
   "source": [
    "insurance_pd_df = insurance_df.toPandas()\n",
    "gender = pd.get_dummies(insurance_pd_df['sex'])\n",
    "insurance_pd_df = pd.concat([insurance_pd_df, gender], axis = 1)\n",
    "insurance_pd_df.drop(['sex'], axis = 1, inplace = True)\n",
    "\n",
    "smoker = pd.get_dummies(insurance_pd_df['smoker'])\n",
    "insurance_pd_df = pd.concat([insurance_pd_df, smoker], axis = 1)\n",
    "insurance_pd_df.drop(['smoker'], axis = 1, inplace = True)\n",
    "\n",
    "insurance_pd_df.drop(['region', 'female', 'no'], axis = 1, inplace = True)\n",
    "insurance_pd_df.rename(columns = {\"yes\":'smoker'}, inplace = True)\n",
    "\n",
    "insurance_df = spark.createDataFrame(insurance_pd_df)\n"
   ]
  },
  {
   "cell_type": "code",
   "execution_count": 103,
   "metadata": {},
   "outputs": [
    {
     "name": "stdout",
     "output_type": "stream",
     "text": [
      "['age', 'bmi', 'children', 'charges', 'male', 'smoker']\n"
     ]
    }
   ],
   "source": [
    "print(insurance_df.columns)"
   ]
  },
  {
   "cell_type": "code",
   "execution_count": 104,
   "metadata": {},
   "outputs": [
    {
     "data": {
      "text/html": [
       "<div>\n",
       "<style scoped>\n",
       "    .dataframe tbody tr th:only-of-type {\n",
       "        vertical-align: middle;\n",
       "    }\n",
       "\n",
       "    .dataframe tbody tr th {\n",
       "        vertical-align: top;\n",
       "    }\n",
       "\n",
       "    .dataframe thead th {\n",
       "        text-align: right;\n",
       "    }\n",
       "</style>\n",
       "<table border=\"1\" class=\"dataframe\">\n",
       "  <thead>\n",
       "    <tr style=\"text-align: right;\">\n",
       "      <th></th>\n",
       "      <th>age</th>\n",
       "      <th>bmi</th>\n",
       "      <th>children</th>\n",
       "      <th>charges</th>\n",
       "      <th>male</th>\n",
       "      <th>smoker</th>\n",
       "    </tr>\n",
       "  </thead>\n",
       "  <tbody>\n",
       "    <tr>\n",
       "      <th>age</th>\n",
       "      <td>1.000000</td>\n",
       "      <td>0.109272</td>\n",
       "      <td>0.042469</td>\n",
       "      <td>0.299008</td>\n",
       "      <td>-0.020856</td>\n",
       "      <td>-0.025019</td>\n",
       "    </tr>\n",
       "    <tr>\n",
       "      <th>bmi</th>\n",
       "      <td>0.109272</td>\n",
       "      <td>1.000000</td>\n",
       "      <td>0.012759</td>\n",
       "      <td>0.198341</td>\n",
       "      <td>0.046371</td>\n",
       "      <td>0.003750</td>\n",
       "    </tr>\n",
       "    <tr>\n",
       "      <th>children</th>\n",
       "      <td>0.042469</td>\n",
       "      <td>0.012759</td>\n",
       "      <td>1.000000</td>\n",
       "      <td>0.067998</td>\n",
       "      <td>0.017163</td>\n",
       "      <td>0.007673</td>\n",
       "    </tr>\n",
       "    <tr>\n",
       "      <th>charges</th>\n",
       "      <td>0.299008</td>\n",
       "      <td>0.198341</td>\n",
       "      <td>0.067998</td>\n",
       "      <td>1.000000</td>\n",
       "      <td>0.057292</td>\n",
       "      <td>0.787251</td>\n",
       "    </tr>\n",
       "    <tr>\n",
       "      <th>male</th>\n",
       "      <td>-0.020856</td>\n",
       "      <td>0.046371</td>\n",
       "      <td>0.017163</td>\n",
       "      <td>0.057292</td>\n",
       "      <td>1.000000</td>\n",
       "      <td>0.076185</td>\n",
       "    </tr>\n",
       "    <tr>\n",
       "      <th>smoker</th>\n",
       "      <td>-0.025019</td>\n",
